7.00 3.20 4.70 1.40
6.40 3.20 4.50 1.50
6.90 3.10 4.90 1.50
5.50 2.30 4.00 1.30
6.50 2.80 4.60 1.50
5.70 2.80 4.50 1.30
6.30 3.30 4.70 1.60
4.90 2.40 3.30 1.00
6.60 2.90 4.60 1.30
5.20 2.70 3.90 1.40
5.00 2.00 3.50 1.00
5.90 3.00 4.20 1.50
6.00 2.20 4.00 1.00
6.10 2.90 4.70 1.40
5.60 2.90 3.60 1.30
6.70 3.10 4.40 1.40
5.60 3.00 4.50 1.50
5.80 2.70 4.10 1.00
6.20 2.20 4.50 1.50
5.60 2.50 3.90 1.10
5.90 3.20 4.80 1.80
6.10 2.80 4.00 1.30
6.30 2.50 4.90 1.50
6.10 2.80 4.70 1.20
6.40 2.90 4.30 1.30
6.60 3.00 4.40 1.40
6.80 2.80 4.80 1.40
6.70 3.00 5.00 1.70
6.00 2.90 4.50 1.50
5.70 2.60 3.50 1.00
5.50 2.40 3.80 1.10
5.50 2.40 3.70 1.00
5.80 2.70 3.90 1.20
6.00 2.70 5.10 1.60
5.40 3.00 4.50 1.50
6.00 3.40 4.50 1.60
6.70 3.10 4.70 1.50
6.30 2.30 4.40 1.30
5.60 3.00 4.10 1.30
5.50 2.50 4.00 1.30
5.50 2.60 4.40 1.20
6.10 3.00 4.60 1.40
5.80 2.60 4.00 1.20
5.00 2.30 3.30 1.00
5.60 2.70 4.20 1.30
5.70 3.00 4.20 1.20
5.70 2.90 4.20 1.30
6.20 2.90 4.30 1.30
5.10 2.50 3.00 1.10
5.70 2.80 4.10 1.30
